60.0
60.0
100.0
100.0
100.0
100.0
100.0
119.0
119.0
119.0
139.0
182.0
182.0
182.0
182.0
182.0
182.0
182.0
182.0
182.0
182.0
182.0
182.0
182.0
182.0
182.0
187.0
196.0
215.0
215.0
215.0
215.0
215.0
215.0
215.0
215.0
215.0
215.0
227.0
227.0
227.0
227.0
227.0
227.0
227.0
227.0
227.0
227.0
227.0
227.0
227.0
227.0
227.0
227.0
227.0
227.0
227.0
227.0
227.0
227.0
227.0
227.0
227.0
227.0
227.0
227.0
227.0
227.0
227.0
227.0
227.0
227.0
227.0
227.0
227.0
227.0
227.0
231.0
264.0
264.0
268.0
268.0
268.0
271.0
271.0
271.0
271.0
271.0
271.0
271.0
271.0
271.0
271.0
271.0
271.0
271.0
271.0
271.0
271.0
271.0
271.0
271.0
271.0
274.0
274.0
274.0
274.0
274.0
274.0
274.0
274.0
274.0
274.0
278.0
278.0
278.0
284.0
284.0
284.0
284.0
284.0
284.0
284.0
284.0
284.0
284.0
284.0
284.0
284.0
284.0
284.0
284.0
284.0
284.0
284.0
284.0
284.0
284.0
284.0
284.0
284.0
284.0
284.0
284.0
284.0
284.0
284.0
284.0
284.0
284.0
284.0
284.0
284.0
284.0
284.0
284.0
284.0
284.0
284.0
284.0
284.0
284.0
284.0
284.0
317.0
317.0
317.0
317.0
317.0
317.0
317.0
317.0
332.0
332.0
332.0
332.0
332.0
332.0
332.0
332.0
332.0
332.0
332.0
338.0
338.0
338.0
338.0
342.0
342.0
342.0
342.0
342.0
342.0
342.0
342.0
342.0
342.0
342.0
342.0
342.0
342.0
353.0
353.0
353.0
353.0
353.0
353.0
353.0
353.0
353.0
353.0
353.0
361.0
361.0
361.0
361.0
361.0
361.0
361.0
361.0
361.0
361.0
361.0
361.0
361.0
361.0
386.0
386.0
386.0
386.0
386.0
386.0
387.0
387.0
387.0
397.0
397.0
397.0
397.0
397.0
397.0
397.0
397.0
397.0
397.0
397.0
397.0
397.0
400.0
400.0
400.0
400.0
402.0
402.0
402.0
402.0
402.0
402.0
402.0
402.0
402.0
402.0
402.0
402.0
402.0
402.0
402.0
402.0
402.0
402.0
402.0
402.0
402.0
402.0
402.0
402.0
402.0
402.0
402.0
402.0
402.0
402.0
402.0
402.0
402.0
402.0
402.0
402.0
402.0
402.0
402.0
402.0
402.0
402.0
402.0
402.0
402.0
402.0
402.0
402.0
402.0
402.0
402.0
402.0
402.0
402.0
402.0
402.0
402.0
402.0
402.0
402.0
402.0
402.0
402.0
402.0
402.0
402.0
402.0
402.0
402.0
409.0
409.0
409.0
409.0
409.0
409.0
409.0
409.0
409.0
409.0
409.0
409.0
409.0
409.0
409.0
409.0
409.0
409.0
409.0
409.0
409.0
409.0
409.0
409.0
409.0
409.0
409.0
409.0
409.0
409.0
409.0
409.0
409.0
409.0
409.0
409.0
409.0
409.0
409.0
409.0
409.0
409.0
409.0
409.0
409.0
409.0
409.0
409.0
409.0
409.0
409.0
409.0
409.0
409.0
409.0
409.0
409.0
409.0
409.0
409.0
409.0
409.0
413.0
413.0
413.0
413.0
418.0
418.0
418.0
418.0
418.0
418.0
418.0
418.0
418.0
418.0
418.0
418.0
418.0
418.0
418.0
418.0
418.0
418.0
418.0
418.0
418.0
418.0
418.0
418.0
418.0
418.0
418.0
418.0
418.0
418.0
418.0
418.0
418.0
418.0
418.0
418.0
418.0
418.0
418.0
418.0
418.0
418.0
418.0
418.0
418.0
418.0
418.0
418.0
418.0
418.0
418.0
418.0
418.0
418.0
418.0
418.0
418.0
418.0
418.0
418.0
418.0
418.0
418.0
418.0
418.0
418.0
418.0
418.0
418.0
418.0
418.0
418.0
418.0
418.0
418.0
418.0
418.0
418.0
418.0
418.0
418.0
418.0
418.0
418.0
418.0
418.0
418.0
418.0
418.0
418.0
418.0
423.0
423.0
423.0
423.0
423.0
423.0
423.0
423.0
423.0
423.0
423.0
423.0
423.0
423.0
423.0
423.0
423.0
423.0
423.0
423.0
423.0
423.0
423.0
423.0
423.0
423.0
429.0
429.0
429.0
429.0
429.0
429.0
429.0
429.0
429.0
432.0
432.0
432.0
432.0
432.0
432.0
432.0
432.0
432.0
432.0
432.0
432.0
432.0
432.0
432.0
432.0
432.0
432.0
432.0
432.0
432.0
432.0
432.0
432.0
432.0
432.0
432.0
432.0
432.0
432.0
432.0
432.0
432.0
432.0
432.0
432.0
432.0
432.0
432.0
432.0
432.0
432.0
432.0
432.0
432.0
432.0
432.0
432.0
432.0
432.0
432.0
432.0
432.0
432.0
432.0
432.0
432.0
432.0
432.0
432.0
432.0
432.0
432.0
432.0
432.0
432.0
432.0
432.0
432.0
441.0
441.0
441.0
441.0
441.0
441.0
441.0
441.0
441.0
441.0
441.0
441.0
441.0
441.0
441.0
441.0
441.0
441.0
441.0
441.0
441.0
441.0
441.0
441.0
441.0
441.0
441.0
441.0
441.0
441.0
441.0
441.0
441.0
441.0
441.0
441.0
441.0
441.0
441.0
441.0
441.0
441.0
441.0
441.0
441.0
441.0
441.0
441.0
441.0
441.0
441.0
441.0
441.0
441.0
441.0
441.0
441.0
441.0
441.0
441.0
441.0
441.0
441.0
441.0
441.0
441.0
441.0
441.0
441.0
441.0
441.0
441.0
441.0
441.0
441.0
441.0
441.0
441.0
441.0
441.0
441.0
441.0
441.0
441.0
441.0
441.0
441.0
441.0
441.0
441.0
441.0
441.0
444.0
444.0
444.0
444.0
444.0
444.0
444.0
444.0
444.0
444.0
444.0
444.0
444.0
444.0
444.0
444.0
444.0
444.0
444.0
444.0
444.0
444.0
444.0
444.0
444.0
444.0
444.0
444.0
444.0
444.0
444.0
444.0
444.0
444.0
444.0
444.0
444.0
444.0
444.0
444.0
444.0
444.0
444.0
444.0
444.0
444.0
444.0
444.0
444.0
444.0
444.0
444.0
444.0
444.0
444.0
444.0
444.0
444.0
444.0
444.0
444.0
444.0
444.0
444.0
444.0
444.0
444.0
444.0
444.0
444.0
444.0
444.0
444.0
444.0
448.0
448.0
448.0
448.0
448.0
448.0
448.0
448.0
448.0
448.0
448.0
448.0
448.0
448.0
448.0
448.0
448.0
448.0
448.0
448.0
448.0
448.0
465.0
465.0
465.0
465.0
465.0
465.0
465.0
465.0
465.0
465.0
465.0
465.0
465.0
465.0
465.0
465.0
465.0
465.0
465.0
465.0
465.0
465.0
465.0
465.0
465.0
465.0
465.0
465.0
465.0
465.0
465.0
465.0
465.0
465.0
465.0
465.0
465.0
465.0
465.0
465.0
465.0
465.0
465.0
465.0
465.0
465.0
465.0
465.0
465.0
465.0
465.0
465.0
465.0
465.0
465.0
465.0
465.0
465.0
465.0
465.0
465.0
465.0
465.0
465.0
465.0
465.0
465.0
465.0
465.0
465.0
465.0
465.0
465.0
465.0
465.0
465.0
467.0
467.0
467.0
467.0
467.0
467.0
467.0
467.0
467.0
467.0
467.0
467.0
467.0
467.0
467.0
467.0
467.0
467.0
467.0
467.0
467.0
467.0
467.0
467.0
467.0
468.0
468.0
468.0
468.0
468.0
468.0
468.0
468.0
468.0
478.0
478.0
478.0
478.0
478.0
478.0
478.0
478.0
478.0
478.0
478.0
478.0
478.0
478.0
478.0
478.0
478.0
478.0
478.0
478.0
478.0
478.0
478.0
478.0
478.0
478.0
478.0
478.0
478.0
478.0
478.0
478.0
478.0
478.0
478.0
478.0
478.0
478.0
478.0
478.0
478.0
478.0
478.0
478.0
478.0
478.0
478.0
478.0
479.0
479.0
479.0
479.0
479.0
479.0
479.0
479.0
479.0
479.0
479.0
479.0
479.0
479.0
479.0
479.0
479.0
479.0
479.0
480.0
480.0
480.0
480.0
480.0
480.0
480.0
480.0
480.0
480.0
480.0
482.0
482.0
482.0
482.0
482.0
482.0
482.0
482.0
482.0
482.0
482.0
482.0
482.0
482.0
482.0
482.0
482.0
482.0
482.0
482.0
482.0
482.0
488.0
488.0
488.0
488.0
488.0
488.0
488.0
488.0
488.0
488.0
496.0
496.0
496.0
496.0
496.0
499.0
499.0
499.0
499.0
499.0
499.0
499.0
499.0
499.0
499.0
499.0
499.0
499.0
499.0
499.0
499.0
499.0
499.0
499.0
499.0
499.0
499.0
499.0
499.0
499.0
499.0
499.0
499.0
499.0
499.0
499.0
499.0
499.0
499.0
499.0
499.0
499.0
499.0
499.0
499.0
499.0
499.0
499.0
499.0
499.0
499.0
499.0
499.0
499.0
499.0
499.0
499.0
499.0
499.0
499.0
499.0
499.0
499.0
499.0
499.0
499.0
499.0
499.0
499.0
499.0
499.0
499.0
499.0
499.0
499.0
499.0
499.0
499.0
499.0
499.0
499.0
499.0
499.0
499.0
499.0
499.0
499.0
499.0
499.0
499.0
499.0
499.0
499.0
499.0
499.0
502.0
502.0
502.0
502.0
502.0
502.0
502.0
502.0
502.0
502.0
502.0
502.0
502.0
502.0
502.0
502.0
502.0
502.0
502.0
502.0
502.0
502.0
502.0
502.0
502.0
502.0
502.0
502.0
502.0
502.0
502.0
502.0
502.0
502.0
502.0
502.0
502.0
502.0
502.0
502.0
502.0
502.0
502.0
502.0
502.0
502.0
502.0
502.0
502.0
502.0
502.0
502.0
502.0
502.0
502.0
502.0
502.0
502.0
502.0
502.0
502.0
502.0
502.0
502.0
502.0
502.0
502.0
502.0
502.0
504.0
504.0
504.0
504.0
504.0
504.0
504.0
504.0
504.0
504.0
504.0
504.0
504.0
504.0
504.0
504.0
504.0
504.0
504.0
504.0
504.0
504.0
504.0
504.0
504.0
504.0
504.0
504.0
504.0
504.0
504.0
504.0
504.0
504.0
504.0
504.0
504.0
504.0
504.0
504.0
504.0
504.0
504.0
504.0
504.0
504.0
504.0
504.0
504.0
504.0
504.0
504.0
504.0
504.0
504.0
504.0
504.0
504.0
504.0
504.0
504.0
504.0
504.0
504.0
504.0
504.0
504.0
504.0
504.0
504.0
504.0
504.0
504.0
504.0
504.0
504.0
504.0
504.0
504.0
504.0
504.0
504.0
504.0
504.0
504.0
504.0
504.0
504.0
504.0
504.0
504.0
504.0
504.0
504.0
504.0
504.0
504.0
504.0
504.0
504.0
504.0
504.0
504.0
504.0
504.0
504.0
504.0
504.0
504.0
504.0
504.0
504.0
504.0
504.0
504.0
504.0
504.0
504.0
504.0
517.0
517.0
517.0
517.0
517.0
517.0
517.0
517.0
517.0
517.0
517.0
517.0
517.0
517.0
517.0
517.0
517.0
517.0
517.0
517.0
517.0
517.0
532.0
532.0
532.0
532.0
532.0
532.0
532.0
532.0
532.0
532.0
532.0
532.0
532.0
532.0
532.0
532.0
532.0
532.0
532.0
532.0
532.0
532.0
532.0
532.0
532.0
532.0
532.0
532.0
532.0
532.0
532.0
532.0
532.0
532.0
532.0
532.0
532.0
532.0
532.0
532.0
532.0
532.0
532.0
532.0
532.0
532.0
532.0
532.0
532.0
532.0
532.0
532.0
532.0
532.0
532.0
532.0
532.0
532.0
532.0
532.0
532.0
532.0
532.0
532.0
532.0
532.0
532.0
532.0
532.0
532.0
532.0
532.0
532.0
532.0
532.0
532.0
532.0
532.0
532.0
532.0
532.0
532.0
532.0
532.0
532.0
532.0
532.0
532.0
532.0
532.0
532.0
532.0
532.0
532.0
532.0
532.0
532.0
532.0
532.0
532.0
532.0
532.0
532.0
532.0
532.0
532.0
532.0
532.0
532.0
532.0
532.0
532.0
532.0
532.0
